I have read and agree to the terms of the COSC 494/594 Honor Code.

PROBABILITIES of lambda.fasta:

Nucleotide Frequencies:
A:  0.2542987918024
C:  0.234258381097687
G:  0.264318997154756
T:  0.247123829945157

Dinucleotide Frequencies:
AA: 0.076122141811509
AC: 0.0530504525679883
AG: 0.0563287354899899
AT: 0.0688027050988639
CA: 0.0663079111770891
CC: 0.0514834745675347
CG: 0.0641842436238428
CT: 0.0522875816993464
GA: 0.0671326364404858
GC: 0.0745345456794705
GG: 0.0655656584400322
GT: 0.0570709882270469
TA: 0.0447413455392672
TC: 0.0551947382528195
TG: 0.0782251912331705
TT: 0.0689676501515433

Neanderthal Multinomial Model log-probability:        -452.662312232692
Neanderthal Third-Order Markov Model log-probability: -451.796605782161
The replacement of N's with A's actually affected the ouput, the markov model more
probable which is interesting as it requires more specific sequences